1 1 96
1 2 29
1 3 54
1 4 34
1 5 91
1 6 14
1 7 50
1 8 31
1 9 24
1 10 11
2 1 18
2 2 84
2 3 53
2 4 67
2 5 97
2 6 87
2 7 12
2 8 45
2 9 13
2 10 45
3 1 50
3 2 93
3 3 36
3 4 55
3 5 14
3 6 43
3 7 66
3 8 59
3 9 71
3 10 30
4 1 16
4 2 35
4 3 73
4 4 39
4 5 39
4 6 77
4 7 78
4 8 22
4 9 82
4 10 74
5 1 84
5 2 85
5 3 76
5 4 96
5 5 57
5 6 95
5 7 83
5 8 70
5 9 31
5 10 45
6 1 41
6 2 36
6 3 18
6 4 44
6 5 29
6 6 61
6 7 93
6 8 13
6 9 68
6 10 99
7 1 15
7 2 48
7 3 24
7 4 10
7 5 93
7 6 97
7 7 50
7 8 11
7 9 88
7 10 94
8 1 56
8 2 55
8 3 11
8 4 15
8 5 23
8 6 16
8 7 54
8 8 66
8 9 43
8 10 54
9 1 54
9 2 61
9 3 25
9 4 74
9 5 15
9 6 28
9 7 46
9 8 74
9 9 59
9 10 33
10 1 60
10 2 36
10 3 50
10 4 34
10 5 25
10 6 18
10 7 72
10 8 20
10 9 13
10 10 13
